370 1954
388 834
438 1546
490 4762
532 1570
702 2188
706 5500
932 344
1012 1624
1138 166
1242 382
1778 5896
2264 3376
2294 4822
2332 2110
2482 2208
2540 5550
2562 5306
2636 5214
2718 5180
2730 616
2736 4882
2794 1026
3170 2108
3496 1588
3610 3478
3642 3894
3730 2666
3778 3854
3846 3844
3968 4572
4276 4824
4298 4570
4460 4140
4606 4408
4620 62
4624 4646
4738 5030
4892 3792
5064 4552
5186 2358
5378 4702
5514 2736
5536 4106
5570 6700
5634 282
5938 2878
5974 3738
6010 6032
6030 4168
6180 3974
6268 2266
6452 2656
6472 4420
6592 2550
6604 2742
6628 2466
7016 4968
7158 438
7276 1746
7284 1466
7718 1326
7740 3290
7768 4370
7776 3792
7934 824
7980 6912
7990 3630
7992 4492
8054 7176
8228 4748
8458 4158
8476 4338
8528 6940
8634 4248
8672 4402
8878 4342
9226 4338
9606 5006
9856 244
10144 616
10352 6996
10410 3504
10498 2246
10796 6798
10812 2542
10962 7018
11366 1610
11584 2498
11596 4286
11696 982
11782 4770
11830 1434
11856 780
11872 1444
12068 4356
12094 7158
12104 7196
12236 4332
12450 6878
