250 1028
354 614
372 950
502 1086
522 1236
612 1296
1146 458
1236 346
1400 86
1712 472
1518 938
1746 908
1788 1142
1986 1188
2678 594
1900 336
2214 304
2622 574
3126 30
3564 168
4142 22
3850 240
5616 2624
5730 2716
5836 2510
5842 1964
6086 2776
6168 2626
6264 2866
6246 2560
6236 2414
6408 2734
6444 2638
6318 2038
5664 1482
5736 1372
5610 1184
6422 2088
6616 2462
6594 2220
6738 2392
6424 2768
6860 2330
6822 2168
7050 2128
7030 2036
6636 1918
6784 1746
6818 1710
5638 1010
4170 248
6892 1642
5714 980
6144 246
7080 422
7284 328
7416 396
7488 458
7556 502
7818 720
7908 796
7296 454
7848 908
7220 1442
6942 1622
6988 1730
7380 1662
7714 1578
7908 1048
7870 1292
7802 1598
8234 1324
7540 1774
6850 1788
7214 1896
7132 2040
6564 2736
7118 2188
6736 2666
6256 2870
6518 2886
6692 2842
6692 2890
6174 2964
6466 3388
6694 3272
6354 3016
6522 3142
8938 1654
6890 2944
6924 3014
7356 2750
7552 2668
6946 3044
7422 3172
9238 1514
9434 1456
9166 988
9726 868
9476 636
10196 560
10134 670
11712 472
12300 276
12180 1148
12400 1252
12556 1100
12528 188
12696 1556
12462 1566
12504 5630
12436 1530
12074 1542
11860 1460
12074 3124
11742 1466
11574 2414
11932 4324
11736 3626
11514 2388
11340 2848
11336 3358
11340 2522
11108 2958
11306 2152
11770 476
11584 758
11212 590
11390 1220
11138 994
10254 722
9990 700
10920 1228
9982 770
9896 1382
10018 1562
10648 2666
10012 1578
10464 2660
10856 4056
10428 2680
10212 2536
9954 1690
9662 1418
9486 1784
9362 1908
9224 1862
9846 2976
8704 2338
8552 2528
8154 2628
9034 2660
8918 2792
8672 2742
8808 3426
8778 3454
10236 4146
8814 3478
8658 3422
8500 3472
8412 3328
8356 3646
6776 3028
8618 3818
8896 3918
8576 3832
8628 3986
8730 4172
8744 4418
9582 4188
9472 4224
9302 4376
9200 4474
9130 4796
9264 4564
11270 5132
11228 5402
10962 5090
9330 4738
9338 4844
9212 4852
10492 5612
9002 4804
8950 5262
9604 5520
8980 5304
8306 4850
8046 4912
8788 4572
9076 4728
8568 4324
8532 4130
8350 3822
8070 4512
8158 3998
7888 3604
7898 4486
7876 3596
6450 3390
6456 3616
6808 3798
7410 4018
6872 3838
7716 4470
7582 4428
7332 4210
7354 4402
7664 4938
7228 4250
7160 4508
6652 4100
6936 4488
7294 4730
8220 5320
8652 5480
8580 5470
10208 6276
10614 6464
11236 6646
12122 7112
12260 7062
12166 7128
7272 5390
6922 4590
6640 4098
6472 4440
6826 4754
6656 4656
6610 5426
7280 5880
6568 5434
6558 4558
6424 4394
6248 4414
6360 4746
6202 4376
6158 4622
6096 4900
6098 4504
5734 4862
6068 5260
5676 4888
6628 5884
6740 5944
6832 6192
7084 6384
5884 6210
6130 6392
5880 6944
6274 6954
6338 7048
8446 6946
7356 7002
8290 7132
12076 7186
7706 7148
6204 7166
6252 7004
4640 7102
5820 6858
5682 5102
5666 4866
5628 4862
6284 4278
5982 4236
5524 4762
6038 4120
6246 3366
5988 3712
5832 3440
6228 2846
6214 2802
6076 2826
5878 2900
5636 3608
5386 4736
5416 4954
5608 6728
4736 6878
3746 6952
4686 6778
5598 6720
5124 4924
4952 5198
4938 5170
4884 5146
4278 6102
4734 5166
5078 4878
5052 4752
4730 5088
4698 5054
3558 6710
4572 4998
4500 5022
4392 4700
4724 5028
4966 4702
4748 4856
4840 4666
4244 4502
4250 4724
4120 4838
4222 4478
4068 4628
4062 4562
3946 4398
3868 4550
3814 4406
3660 4516
3652 4212
3546 4218
3486 5008
3310 4158
3172 4608
3424 3734
3296 3980
3046 4640
3014 4724
2986 4728
2928 5406
2802 5176
2548 5232
2616 5566
2482 5662
2024 5700
1892 5938
1958 5996
1802 5960
2154 6434
1732 5930
1132 5614
958 5594
762 5642
760 5680
448 5238
796 5584
1116 4996
2396 5380
2250 5290
2390 5242
2970 4694
2348 5116
2474 5028
2538 4922
2472 4872
2768 4788
2944 4690
2340 4710
2736 4692
2042 4510
2240 4538
2544 4622
2698 4630
2904 4616
2960 4494
3228 4084
3036 4014
2100 3788
1968 3516
2150 3742
2560 3824
2888 3954
3168 3922
3194 3778
3236 3630
2808 3688
3152 3634
2774 3192
2446 3548
2570 3190
2644 3216
2738 2986
2524 2038
3054 2912
2936 2332
3038 2538
3098 3182
3644 3918
4192 4438
4192 4300
3706 3894
4180 4262
4122 3992
4272 4306
4314 4488
4814 4640
4894 4552
4538 4444
4734 4430
4960 4520
4998 4474
5006 4748
5258 4626
5314 4516
5168 4368
5464 4204
5520 3654
5334 3780
5272 3816
5046 4148
4836 4154
4400 4118
4258 3834
4110 3686
3592 3548
3802 3600
4074 3522
4490 4116
4762 4128
4516 3646
4796 4066
4944 4084
4964 3988
4858 3806
5104 3896
5264 3814
5202 3680
4852 3416
5274 3718
5516 3636
5892 2764
5740 2938
5272 3452
4956 3076
5048 2974
4798 2968
4470 3338
4464 3170
4592 3052
4420 2958
4456 2820
3754 3094
4350 2826
3414 2616
4418 2540
4420 2514
4226 2436
3458 2272
4272 2328
4404 2316
3862 1832
3534 1664
3178 2042
3382 1816
3148 1674
3458 1710
3144 1472
2718 1698
2218 2050
2128 2082
1878 2238
2108 2002
2662 1726
3126 1346
3460 1682
4182 1286
4584 2902
4760 2886
4876 2878
5490 3066
5604 3008
4944 2364
4852 2136
4996 2164
5304 2632
5632 2660
5630 2652
5390 2356
3678 176
2974 766
2952 1174
2940 868
2764 592
2668 1302
2676 966
2650 778
2654 674
1900 1872
1580 2132
1230 2202
1876 1814
2190 1134
1784 1316
1564 1680
1758 1226
1320 1440
1100 2082
1060 1988
1096 870
824 1364
656 2110
556 2108
486 2172
700 1700
494 1358
380 1562
406 1964
382 1698
364 966
