250 1028
354 614
364 966
372 950
380 1562
382 1698
406 1964
448 5238
486 2172
494 1358
502 1086
522 1236
556 2108
612 1296
656 2110
700 1700
760 5680
762 5642
796 5584
824 1364
958 5594
1060 1988
1096 870
1100 2082
1116 4996
1132 5614
1146 458
1230 2202
1236 346
1320 1440
1400 86
1518 938
1564 1680
1580 2132
1712 472
1732 5930
1746 908
1758 1226
1784 1316
1788 1142
1802 5960
1876 1814
1878 2238
1892 5938
1900 336
1900 1872
1958 5996
1968 3516
1986 1188
2024 5700
2042 4510
2100 3788
2108 2002
2128 2082
2150 3742
2154 6434
2190 1134
2214 304
2218 2050
2240 4538
2250 5290
2340 4710
2348 5116
2390 5242
2396 5380
2446 3548
2472 4872
2474 5028
2482 5662
2524 2038
2538 4922
2544 4622
2548 5232
2560 3824
2570 3190
2616 5566
2622 574
2644 3216
2650 778
2654 674
2662 1726
2668 1302
2676 966
2678 594
2698 4630
2718 1698
2736 4692
2738 2986
2764 592
2768 4788
2774 3192
2802 5176
2808 3688
2888 3954
2904 4616
2928 5406
2936 2332
2940 868
2944 4690
2952 1174
2960 4494
2970 4694
2974 766
2986 4728
3014 4724
3036 4014
3038 2538
3046 4640
3054 2912
3098 3182
3126 30
3126 1346
3144 1472
3148 1674
3152 3634
3168 3922
3172 4608
3178 2042
3194 3778
3228 4084
3236 3630
3296 3980
3310 4158
3382 1816
3414 2616
3424 3734
3458 1710
3458 2272
3460 1682
3486 5008
3534 1664
3546 4218
3558 6710
3564 168
3592 3548
3644 3918
3652 4212
3660 4516
3678 176
3706 3894
3746 6952
3754 3094
3802 3600
3814 4406
3850 240
3862 1832
3868 4550
3946 4398
4062 4562
4068 4628
4074 3522
4110 3686
4120 4838
4122 3992
4142 22
4170 248
4180 4262
4182 1286
4192 4300
4192 4438
4222 4478
4226 2436
4244 4502
4250 4724
4258 3834
4272 2328
4272 4306
4278 6102
4314 4488
4350 2826
4392 4700
4400 4118
4404 2316
4418 2540
4420 2514
4420 2958
4456 2820
4464 3170
4470 3338
4490 4116
4500 5022
4516 3646
4538 4444
4572 4998
4584 2902
4592 3052
4640 7102
4686 6778
4698 5054
4724 5028
4730 5088
4734 4430
4734 5166
4736 6878
4748 4856
4760 2886
4762 4128
4796 4066
4798 2968
4814 4640
4836 4154
4840 4666
4852 2136
4852 3416
4858 3806
4876 2878
4884 5146
4894 4552
4938 5170
4944 2364
4944 4084
4952 5198
4956 3076
4960 4520
4964 3988
4966 4702
4996 2164
4998 4474
5006 4748
5046 4148
5048 2974
5052 4752
5078 4878
5104 3896
5124 4924
5168 4368
5202 3680
5258 4626
5264 3814
5272 3452
5272 3816
5274 3718
5304 2632
5314 4516
5334 3780
5386 4736
5390 2356
5416 4954
5464 4204
5490 3066
5516 3636
5520 3654
5524 4762
5598 6720
5604 3008
5608 6728
5610 1184
5616 2624
5628 4862
5630 2652
5632 2660
5636 3608
5638 1010
5664 1482
5666 4866
5676 4888
5682 5102
5714 980
5730 2716
5734 4862
5736 1372
5740 2938
5820 6858
5832 3440
5836 2510
5842 1964
5878 2900
5880 6944
5884 6210
5892 2764
5982 4236
5988 3712
6038 4120
6068 5260
6076 2826
6086 2776
6096 4900
6098 4504
6130 6392
6144 246
6158 4622
6168 2626
6174 2964
6202 4376
6204 7166
6214 2802
6228 2846
6236 2414
6246 2560
6246 3366
6248 4414
6252 7004
6256 2870
6264 2866
6274 6954
6284 4278
6318 2038
6338 7048
6354 3016
6360 4746
6408 2734
6422 2088
6424 2768
6424 4394
6444 2638
6450 3390
6456 3616
6466 3388
6472 4440
6518 2886
6522 3142
6558 4558
6564 2736
6568 5434
6594 2220
6610 5426
6616 2462
6628 5884
6636 1918
6640 4098
6652 4100
6656 4656
6692 2842
6692 2890
6694 3272
6736 2666
6738 2392
6740 5944
6776 3028
6784 1746
6808 3798
6818 1710
6822 2168
6826 4754
6832 6192
6850 1788
6860 2330
6872 3838
6890 2944
6892 1642
6922 4590
6924 3014
6936 4488
6942 1622
6946 3044
6988 1730
7030 2036
7050 2128
7080 422
7084 6384
7118 2188
7132 2040
7160 4508
7214 1896
7220 1442
7228 4250
7272 5390
7280 5880
7284 328
7294 4730
7296 454
7332 4210
7354 4402
7356 2750
7356 7002
7380 1662
7410 4018
7416 396
7422 3172
7488 458
7540 1774
7552 2668
7556 502
7582 4428
7664 4938
7706 7148
7714 1578
7716 4470
7802 1598
7818 720
7848 908
7870 1292
7876 3596
7888 3604
7898 4486
7908 796
7908 1048
8046 4912
8070 4512
8154 2628
8158 3998
8220 5320
8234 1324
8290 7132
8306 4850
8350 3822
8356 3646
8412 3328
8446 6946
8500 3472
8532 4130
8552 2528
8568 4324
8576 3832
8580 5470
8618 3818
8628 3986
8652 5480
8658 3422
8672 2742
8704 2338
8730 4172
8744 4418
8778 3454
8788 4572
8808 3426
8814 3478
8896 3918
8918 2792
8938 1654
8950 5262
8980 5304
9002 4804
9034 2660
9076 4728
9130 4796
9166 988
9200 4474
9212 4852
9224 1862
9238 1514
9264 4564
9302 4376
9330 4738
9338 4844
9362 1908
9434 1456
9472 4224
9476 636
9486 1784
9582 4188
9604 5520
9662 1418
9726 868
9846 2976
9896 1382
9954 1690
9982 770
9990 700
10012 1578
10018 1562
10134 670
10196 560
10208 6276
10212 2536
10236 4146
10254 722
10428 2680
10464 2660
10492 5612
10614 6464
10648 2666
10856 4056
10920 1228
10962 5090
11108 2958
11138 994
11212 590
11228 5402
11236 6646
11270 5132
11306 2152
11336 3358
11340 2522
11340 2848
11390 1220
11514 2388
11574 2414
11584 758
11712 472
11736 3626
11742 1466
11770 476
11860 1460
11932 4324
12074 1542
12074 3124
12076 7186
12122 7112
12166 7128
12180 1148
12260 7062
12300 276
12400 1252
12436 1530
12462 1566
12504 5630
12528 188
12556 1100
12696 1556
