100 6176
126 878
188 6716
218 7608
238 6528
284 6690
368 358
416 5532
476 5422
566 7074
578 7658
586 6948
598 7672
670 1030
756 7800
856 4030
910 6980
942 1770
948 290
956 6562
982 7966
1032 6904
1070 6870
1104 2280
1130 2050
1174 1920
1206 296
1258 4690
1262 4390
1272 8894
1284 1906
1306 5360
1350 4328
1428 2314
1440 194
1466 2460
1524 752
1532 6164
1574 7074
1574 7372
1584 1528
1668 2126
1702 4502
1768 7052
1772 1590
1842 3254
1872 6504
1908 284
1914 5818
1928 4824
1954 688
1954 7326
2060 8974
2070 6108
2096 2320
2106 5420
2112 150
2252 6112
2260 1478
2292 1500
2298 6326
2306 5586
2312 7784
2322 10036
2348 7356
2406 6144
2428 5948
2452 8082
2470 5476
2484 8048
2498 6040
2522 356
2570 124
2574 6456
2580 6872
2586 4872
2596 6900
2634 2466
2672 7826
2742 2476
2744 6262
2754 6426
2780 4672
2802 6696
2844 6804
2852 4526
2878 5436
2904 7700
2964 4420
2964 6512
3126 4218
3164 4534
3264 6858
3274 5656
3276 5792
3352 7616
3404 8348
3440 6600
3444 1428
3502 7462
3566 7600
3614 8458
3624 5832
3626 9724
3628 10742
3634 2708
3636 11028
3708 2634
3792 110
3798 5754
3832 5766
3846 7894
3858 4066
3880 2242
3912 6604
3922 9696
4046 3700
4062 3748
4070 6154
4074 7312
4104 5798
4116 5610
4134 80
4146 8140
4208 3722
4224 5132
4230 6302
4234 660
4270 6502
4270 7378
4334 3072
4340 4112
4348 8758
4364 770
4380 3990
4384 4448
4396 3040
4404 7210
4502 6852
4516 7968
4528 4284
4534 5148
4558 876
4588 4576
4598 6430
4630 7116
4672 7384
4740 11460
4744 4550
4758 1452
4766 654
4790 906
4800 11564
4816 5146
4916 906
4918 960
4940 6748
4946 6276
4946 6520
5016 11800
5018 7864
5050 10608
5060 5116
5078 8000
5080 8650
5084 8620
5090 8518
5170 9894
5204 6864
5364 2648
5378 6762
5400 4412
5400 5882
5480 8268
5520 1068
5538 6912
5572 204
5596 996
5604 790
5606 2136
5780 2520
5788 10684
5790 5178
5794 11076
5798 5228
5798 10752
5830 7848
5854 6070
5866 6402
5974 7086
5982 6900
6004 6070
6008 462
6022 5854
6088 5118
6172 6406
6252 7834
6270 870
6276 11036
6294 8098
6378 1948
6428 8464
6450 3950
6464 9032
6514 9626
6578 8784
6596 8166
6606 3962
6610 9230
6656 9190
6656 10110
6674 9034
6686 11238
6690 11068
6708 8692
6714 7750
6724 1616
6746 10992
6762 4562
6770 8886
6800 10960
6806 162
6838 8782
6838 10164
6842 8950
6866 8170
6946 7490
6960 1564
7000 9292
7006 4546
7014 11426
7018 11150
7034 7422
7038 10904
7062 2222
7084 7554
7138 1226
7146 11178
7160 6376
7192 6898
7218 7080
7302 3178
7348 8058
7356 3548
7360 2848
7414 7110
7476 7102
7484 5516
7488 8050
7566 7304
7584 7046
7588 1738
7590 9844
7632 334
7658 4036
7668 3828
7680 9268
7696 6446
7728 6356
7766 9842
7774 4424
7780 4600
7788 4208
7790 2204
7874 4128
7882 9926
7914 7062
7918 4618
7920 8596
7994 4478
8034 1030
8060 3782
8112 9962
8114 5660
8126 5704
8132 10636
8150 7460
8210 1468
8218 4504
8232 9610
8328 830
8378 4114
8410 4664
8412 12064
8418 10282
8434 12042
8462 5238
8514 552
8526 1002
8526 1116
8540 2392
8574 1890
8590 1890
8604 4472
8704 5418
8782 2908
8798 11628
8822 2482
8872 3540
8894 5264
8904 6112
8982 2950
9040 2650
9040 8458
9084 4350
9138 2810
9172 3082
9194 1862
9208 9762
9276 616
9280 6306
9286 1048
9298 7558
9310 902
9338 848
9350 7558
9376 2632
9392 11518
9424 2912
9430 11570
9452 4288
9506 36
9506 11666
9512 3928
9512 10434
9514 1180
9514 10706
9548 9964
9556 7996
9560 5332
9620 2856
9632 4248
9644 2908
9670 7876
9678 4968
9700 3868
9714 132
9718 9828
9738 10236
9748 1038
9760 3688
9788 5404
9816 10064
9862 5748
9878 7560
9882 1208
9916 3902
9916 3992
9958 198
9960 7128
9964 106
10010 3110
10018 7816
10046 3406
10050 5400
10056 7678
10094 7914
10110 6656
10112 2564
10154 4964
10168 4314
10220 2926
10242 11102
10262 1790
10262 4512
10280 1132
10292 6564
10336 10708
10354 6416
10370 3098
10392 5106
10396 794
10444 5006
10446 1576
10448 4510
10486 3622
10496 3296
10496 6174
10514 126
10528 4442
10534 3226
10544 2854
10558 5110
10560 4830
10586 5304
10590 2906
10590 3466
10600 4380
10614 2148
10664 5686
10670 8776
10680 3736
10688 4646
10704 642
10714 6642
10776 1998
10784 2366
10784 3152
10814 4572
10868 3850
10886 4316
10928 1312
10968 6472
10970 3462
11018 1088
11048 5244
11090 1382
11152 3496
11162 1476
11216 3968
11272 2428
11332 1010
11354 2310
11386 2184
11392 3506
11400 3130
11420 2276
11460 9616
11464 3398
11482 4292
11510 3638
11518 4872
11544 370
11550 194
11558 2576
11564 1928
11570 986
11586 1494
11596 5920
11598 786
11616 1052
11616 1656
11648 5058
11660 2236
11670 3666
11696 5054
11698 5964
11716 872
11740 6444
11760 684
11764 8782
11792 4270
11806 2734
11814 3112
11824 1090
11830 6240
11840 1148
11846 5952
11876 4050
11882 1276
11910 5412
11916 4940
11920 5598
11924 3760
11928 842
11940 4336
12014 2844
12030 3484
12036 858
12116 4794
12130 10710
12142 9834
12148 1834
12212 842
12232 7928
12242 5192
12246 3100
12254 4676
12284 2298
12286 2060
12304 3840
12376 8116
12402 5188
12432 3048
12432 3500
12462 5570
12480 5142
12494 6906
12504 5160
12586 8850
12594 5656
12594 6794
12598 2032
12622 5522
12642 4928
12644 2202
12654 3106
12676 2834
12750 8664
12782 8528
12894 10574
12966 2346
12968 2192
13000 2356
13008 3958
13032 8438
13036 8334
13046 11442
13054 10648
13062 1468
13074 5956
13080 7002
13102 5456
13112 6238
13120 4368
13120 8286
13140 3722
13156 1260
13182 8544
13212 2612
13222 254
13250 7272
13274 4516
13276 4338
13284 8748
13306 5004
13328 3260
13338 7754
13352 7740
13358 4128
13380 5384
13384 3240
13402 2418
13406 5830
13446 5080
13472 2220
13474 8872
13504 890
13522 7474
13536 1514
13550 12380
13568 5162
13574 544
13608 6270
13622 3762
13634 3758
13652 12070
13672 5224
13708 12114
13712 6368
13722 6378
13778 5876
13806 6186
13814 1326
13816 5280
13830 626
13842 3002
13858 2338
13868 2378
13902 196
13914 5868
13918 5474
13930 2116
13934 2238
13944 2106
13950 5212
13964 4786
13988 4562
13998 1726
14002 2476
14084 5832
14094 5550
14100 4714
14102 1166
14144 6136
14154 390
14156 5050
14178 894
14178 6002
14206 4864
14226 2674
14284 5362
14290 6720
14306 3616
14320 2876
14364 10840
14372 4706
14376 3432
14388 7998
14392 4728
14422 1222
14444 3392
14452 3026
14454 3248
14502 11346
14506 2748
14510 4534
14528 7678
14538 2944
14706 7848
14726 2794
14730 1828
14734 11754
14754 6812
14760 5884
14824 174
14826 5010
14844 13196
14848 2770
14850 2092
14858 6458
14906 1506
14910 1878
14950 3554
14966 794
14972 8172
14976 432
14976 13146
14994 468
15026 1948
15038 3776
15050 4548
15056 2534
15082 1528
15120 8156
15136 7666
15148 2356
15172 12972
15190 9338
15202 2752
15204 3752
15208 4510
15210 7494
15218 9562
15234 12978
15240 4708
15244 7678
15258 1850
15288 3114
15316 7670
15330 5478
15352 1612
15360 3938
15412 4072
15416 13684
15426 1580
15432 1362
15492 2798
15506 2304
15520 5892
15532 64
15532 5780
15572 2574
15580 7652
15586 2182
15606 8010
15610 2836
15672 64
15676 142
15690 2540
15690 4998
15720 5136
15732 2822
15756 5816
15770 2772
15770 8150
15772 2760
15778 6254
15792 11696
15850 11542
15904 7516
15906 8958
15914 11798
15932 2598
15942 3240
15998 5006
16010 8676
16048 5666
16058 4998
16080 6254
16082 10054
16110 5576
16126 6154
16172 6544
16190 11718
16246 4410
16284 3494
16290 11622
16312 3994
16314 5842
16320 5460
16346 4298
16386 2816
16396 11884
16404 5136
16404 6332
16456 4866
16468 4334
16478 7220
16492 3938
16574 6402
16640 5642
16652 4450
16696 1018
16700 5236
16706 6174
16744 12586
16758 3772
16806 212
16834 3584
16898 7700
16990 2904
17002 5642
17014 2174
17026 3810
17112 9110
17176 3378
17198 11312
17202 9172
17204 11674
17220 1922
17228 6434
17244 12434
17256 9842
17268 6492
17354 938
17356 884
17362 10920
17364 208
17388 8262
17430 4816
17440 6972
17446 6834
17488 5746
17498 4724
17552 2692
17582 1988
17584 2010
17624 5732
17644 7682
17652 7096
17676 5530
17730 2162
17732 2240
17756 5782
17790 9362
17792 5126
17798 3730
17800 9648
17898 3248
17902 2240
17920 212
17920 782
17926 3578
17958 8756
17978 9654
17990 3922
18004 626
18014 5162
18048 9118
18076 8802
18112 2628
18112 7220
18148 8036
18216 8006
18286 6502
18328 4464
18432 12044
18446 6866
18446 7572
18448 3004
18468 5632
18486 7460
18500 10544
18506 2356
18512 9972
18524 3072
18544 6450
18574 6970
18608 1036
18608 6380
18612 9646
18624 4210
18644 1604
18656 686
18658 4416
18674 5680
18702 138
18768 6852
18806 8450
18822 5526
18846 6408
18856 8590
18878 9206
18914 1050
18916 5646
18940 8404
18958 7784
19006 4604
19038 3664
19066 3222
19076 3030
19088 5646
19138 5796
19168 3140
19190 3180
19228 5910
19244 3158
19252 240
19266 4450
19288 548
19290 228
19350 8418
19366 3132
19442 2376
19468 8176
19506 7526
19510 6140
19528 6076
19528 7300
19532 7316
19612 8258
19690 6044
19706 7142
19742 9804
19752 5312
19808 6234
19876 2074
19880 6396
19902 3850
19924 1130
19954 9812
19956 3220
19956 9658
19988 9354
20006 2842
20048 5908
20152 5628
20172 3916
20208 7826
20230 5730
20270 11504
20378 5928
20420 11056
20546 4788
20554 5180
20652 5086
20654 2514
20658 2412
20676 4810
20686 6094
20692 104
20694 11178
20700 3190
20724 5776
20734 1060
20764 11198
20874 4804
20894 1110
20894 1730
20920 6010
20930 9020
20968 5908
21018 5554
21058 2806
21084 2398
21112 5738
21240 5332
21244 2778
21248 3556
21250 2568
21268 5944
21308 6102
21312 7890
21314 5380
21338 5070
21342 3588
21344 3312
21360 7662
21378 6200
21426 6204
21430 7568
21438 4252
21460 1986
21484 8616
21492 6026
21500 9020
21550 2464
21598 4818
21602 5844
21656 8478
21710 2598
21730 5870
21760 5998
21856 12346
21962 5384
22028 4000
22038 24
22046 5256
22092 3942
22098 5300
22130 80
22138 4038
22158 6712
22162 6014
22190 3644
22192 8082
22218 1934
22268 7662
22286 1354
22300 5278
22420 3854
22426 7652
22436 1986
22564 5638
22592 3482
22596 3184
22612 2516
22624 11918
22630 444
22664 2536
22708 2726
22762 11824
22764 360
22776 2642
22822 2624
22862 608
22868 2818
22900 962
22922 538
22932 5786
22964 3798
22974 3240
22998 8240
23028 2726
23076 3578
23174 796
23192 8246
23218 6428
23232 2418
23250 3618
23258 5800
23298 2632
23344 3376
23360 7592
23370 9538
23376 3192
23426 1260
23430 682
23448 3332
23532 2048
23534 3646
23560 7374
23664 8380
23666 2476
23706 7762
23744 2620
23754 3772
23758 7716
23936 952
23958 7888
24028 1108
24056 60
24118 316
24154 6280
24164 1060
24260 1000
24266 8586
24288 1216
24354 1826
24364 1154
24370 2294
24410 998
24422 1044
24480 4344
24526 6300
24552 180
24564 7632
24604 1470
24610 456
24718 160
24762 7642
24774 830
24776 652
24802 5976
24824 2548
24828 2044
24836 834
24866 252
24868 934
24900 6900
24914 1624
24926 1624
24974 2990
25030 2430
25070 4812
25086 2684
25142 4550
25152 3916
25166 2994
25238 4264
25256 3276
25272 6782
25278 7042
25350 5866
25376 7390
25376 7726
25392 3656
25470 2586
25506 7230
