100 6176
126 878
670 1030
368 358
1206 296
948 290
1440 194
1908 284
1524 752
1584 1528
1174 1920
942 1770
1130 2050
1104 2280
1284 1906
1772 1590
1428 2314
1466 2460
1842 3254
1668 2126
1954 688
2260 1478
2112 150
2522 356
2096 2320
2292 1500
2570 124
3792 110
4234 660
5364 2648
4758 1452
4364 770
4558 876
4790 906
5780 2520
6378 1948
6960 1564
7790 2204
7588 1738
8782 2908
7138 1226
6724 1616
5606 2136
4918 960
5520 1068
6270 870
7632 334
5596 996
6806 162
6008 462
5572 204
5604 790
4916 906
4766 654
4134 80
9506 36
22038 24
24056 60
24718 160
24552 180
24610 456
24118 316
24776 652
24774 830
24260 1000
23430 682
22922 538
22764 360
22130 80
22630 444
22900 962
22862 608
23936 952
23174 796
24164 1060
23426 1260
24028 1108
24410 998
23532 2048
23232 2418
24288 1216
24604 1470
23666 2476
23028 2726
22664 2536
22286 1354
22436 1986
20894 1110
20734 1060
22218 1934
22612 2516
21084 2398
21460 1986
20658 2412
20654 2514
20006 2842
21550 2464
22822 2624
21250 2568
20700 3190
21058 2806
21248 3556
19902 3850
20172 3916
21342 3588
21344 3312
21244 2778
21710 2598
22776 2642
22708 2726
22974 3240
22868 2818
23298 2632
23744 2620
23376 3192
24354 1826
24914 1624
23344 3376
23076 3578
22596 3184
22592 3482
22964 3798
22190 3644
22028 4000
21438 4252
22138 4038
22092 3942
22420 3854
23754 3772
23534 3646
23250 3618
23448 3332
24370 2294
24828 2044
24824 2548
25030 2430
24974 2990
24480 4344
25086 2684
25166 2994
25070 4812
24526 6300
24802 5976
25142 4550
25152 3916
25350 5866
25238 4264
25256 3276
25392 3656
24926 1624
24364 1154
24422 1044
24868 934
24836 834
24866 252
25470 2586
25506 7230
25376 7390
25272 6782
23258 5800
24154 6280
24900 6900
24564 7632
23758 7716
23218 6428
22932 5786
23560 7374
22162 6014
23706 7762
22158 6712
23360 7592
23958 7888
23192 8246
22426 7652
19528 7300
19506 7526
19532 7316
21430 7568
20208 7826
19468 8176
18806 8450
18612 9646
18048 9118
18216 8006
18446 7572
18958 7784
18486 7460
18574 6970
18768 6852
18544 6450
18846 6408
19228 5910
19510 6140
19880 6396
19808 6234
19690 6044
20378 5928
20048 5908
20230 5730
20920 6010
21112 5738
21308 6102
20686 6094
21378 6200
19706 7142
21426 6204
22564 5638
21760 5998
22098 5300
22300 5278
22046 5256
21962 5384
21730 5870
21314 5380
21598 4818
21338 5070
21240 5332
21602 5844
21492 6026
21268 5944
21018 5554
20968 5908
20652 5086
20676 4810
20874 4804
19266 4450
20546 4788
20554 5180
20724 5776
19752 5312
20152 5628
19528 6076
19088 5646
18822 5526
18014 5162
18658 4416
19006 4604
18624 4210
19038 3664
18328 4464
17792 5126
18468 5632
18674 5680
18916 5646
19138 5796
18608 6380
18286 6502
17676 5530
17498 4724
18524 3072
19190 3180
19066 3222
19956 3220
19366 3132
19876 2074
19244 3158
19442 2376
19168 3140
19076 3030
18448 3004
17990 3922
17902 2240
17898 3248
17730 2162
17582 1988
17220 1922
17014 2174
17584 2010
17732 2240
17926 3578
17798 3730
17430 4816
17756 5782
17624 5732
17002 5642
16320 5460
16404 5136
16700 5236
16456 4866
16652 4450
16110 5576
15532 5780
15720 5136
15998 5006
16058 4998
15208 4510
15412 4072
15288 3114
15610 2836
16312 3994
15942 3240
16492 3938
16346 4298
16246 4410
16468 4334
16758 3772
17026 3810
17176 3378
16834 3584
16284 3494
15732 2822
16990 2904
17552 2692
16386 2816
15932 2598
15770 2772
15772 2760
15586 2182
15426 1580
17354 938
18608 1036
17920 782
18656 686
18004 626
17356 884
16696 1018
15432 1362
15676 142
16806 212
17920 212
19252 240
18644 1604
18112 2628
20894 1730
18506 2356
18914 1050
19288 548
19924 1130
19290 228
20692 104
18702 138
17364 208
15672 64
15352 1612
15690 2540
15258 1850
14994 468
15532 64
14976 432
14966 794
14824 174
15082 1528
14422 1222
14906 1506
15506 2304
15026 1948
14910 1878
14730 1828
14850 2092
15572 2574
15492 2798
15202 2752
15148 2356
14506 2748
14726 2794
14538 2944
14002 2476
13944 2106
14178 894
14154 390
13902 196
13830 626
13222 254
13574 544
14102 1166
13998 1726
13814 1326
13504 890
13930 2116
13536 1514
13156 1260
13934 2238
13062 1468
13858 2338
11824 1090
11716 872
12036 858
12212 842
11928 842
11550 194
11544 370
11760 684
11598 786
11570 986
11332 1010
11018 1088
11616 1052
11840 1148
11090 1382
10704 642
10514 126
10928 1312
11162 1476
11882 1276
13472 2220
13000 2356
12968 2192
12148 1834
11586 1494
11386 2184
10776 1998
11354 2310
10614 2148
10446 1576
10396 794
9748 1038
9338 848
9958 198
9964 106
9714 132
9276 616
9310 902
8526 1002
8514 552
8034 1030
8328 830
8210 1468
8574 1890
8540 2392
8590 1890
8982 2950
8872 3540
9172 3082
8822 2482
9138 2810
9424 2912
9644 2908
9620 2856
9376 2632
9040 2650
8526 1116
9286 1048
9194 1862
9514 1180
9882 1208
10280 1132
10262 1790
10784 2366
10112 2564
11272 2428
11806 2734
11400 3130
11464 3398
10970 3462
11152 3496
10680 3736
10784 3152
10534 3226
10590 3466
10496 3296
10590 2906
10544 2854
10370 3098
10220 2926
10486 3622
10600 4380
10168 4314
9916 3902
9760 3688
10046 3406
10010 3110
9512 3928
9084 4350
7994 4478
7874 4128
8378 4114
8060 3782
7788 4208
7774 4424
7668 3828
7360 2848
7302 3178
7062 2222
7356 3548
7658 4036
7780 4600
8462 5238
8114 5660
8126 5704
8704 5418
7918 4618
8218 4504
8604 4472
8410 4664
9452 4288
9632 4248
9700 3868
9916 3992
10262 4512
9678 4968
9560 5332
8894 5264
9788 5404
10448 4510
10560 4830
10444 5006
10154 4964
10664 5686
10586 5304
10392 5106
10558 5110
10688 4646
10528 4442
10814 4572
11482 4292
10886 4316
10868 3850
11392 3506
11216 3968
11510 3638
11792 4270
11876 4050
11916 4940
11940 4336
12242 5192
11696 5054
11518 4872
11048 5244
11648 5058
11910 5412
11596 5920
10496 6174
10050 5400
10354 6416
9862 5748
10292 6564
8904 6112
9280 6306
10110 6656
11698 5964
9960 7128
9298 7558
9670 7876
9350 7558
10714 6642
10056 7678
9878 7560
10018 7816
7920 8596
9556 7996
9040 8458
10094 7914
10968 6472
11846 5952
10670 8776
11740 6444
11830 6240
11920 5598
12402 5188
12494 6906
13250 7272
13338 7754
13036 8334
12782 8528
12376 8116
12232 7928
12750 8664
11764 8782
12586 8850
12142 9834
13032 8438
13182 8544
12894 10574
12130 10710
14364 10840
13054 10648
13284 8748
13474 8872
13120 8286
13352 7740
13522 7474
14388 7998
13080 7002
12594 6794
12462 5570
12480 5142
12594 5656
13102 5456
13074 5956
13406 5830
13380 5384
12622 5522
12504 5160
12116 4794
12642 4928
13568 5162
13918 5474
13608 6270
13778 5876
13712 6368
13112 6238
13722 6378
13806 6186
13914 5868
14084 5832
14144 6136
14528 7678
14972 8172
15218 9562
15190 9338
15120 8156
14706 7848
14290 6720
14178 6002
15136 7666
15606 8010
16082 10054
15906 8958
15770 8150
15244 7678
15580 7652
15904 7516
15316 7670
15210 7494
14754 6812
14094 5550
13672 5224
13446 5080
13816 5280
14284 5362
13950 5212
14156 5050
14392 4728
14510 4534
13988 4562
14372 4706
14206 4864
13964 4786
14100 4714
13306 5004
12254 4676
11924 3760
12304 3840
12432 3500
12030 3484
11670 3666
11814 3112
12246 3100
12014 2844
12432 3048
12654 3106
11558 2576
11660 2236
11420 2276
11564 1928
11616 1656
12598 2032
12286 2060
12644 2202
12284 2298
12966 2346
12676 2834
13212 2612
13402 2418
13868 2378
14226 2674
14320 2876
13842 3002
13328 3260
13008 3958
13140 3722
13384 3240
14452 3026
14848 2770
15056 2534
15360 3938
15204 3752
14950 3554
14444 3392
14454 3248
13622 3762
13120 4368
13358 4128
13276 4338
13274 4516
13634 3758
14376 3432
14306 3616
15038 3776
15050 4548
14826 5010
15240 4708
15690 4998
14760 5884
15330 5478
15520 5892
15756 5816
16048 5666
16314 5842
16126 6154
14858 6458
15778 6254
16172 6544
16574 6402
16706 6174
16404 6332
16080 6254
16640 5642
17488 5746
18446 6866
17446 6834
17268 6492
17228 6434
17440 6972
17644 7682
17652 7096
18112 7220
18148 8036
18076 8802
16898 7700
16478 7220
17388 8262
17958 8756
17790 9362
17202 9172
17112 9110
16010 8676
17800 9648
17256 9842
17978 9654
18512 9972
18878 9206
18856 8590
18940 8404
19350 8418
19612 8258
21360 7662
21312 7890
22268 7662
22998 8240
22192 8082
23664 8380
24762 7642
23370 9538
24266 8586
25278 7042
25376 7726
22762 11824
20764 11198
19956 9658
21500 9020
20930 9020
21484 8616
21656 8478
19988 9354
19742 9804
17362 10920
16290 11622
15850 11542
14502 11346
15792 11696
14734 11754
13652 12070
13550 12380
13708 12114
15914 11798
15172 12972
14844 13196
14976 13146
15234 12978
16190 11718
16744 12586
17244 12434
16396 11884
17198 11312
17204 11674
18500 10544
19954 9812
20420 11056
18432 12044
20270 11504
20694 11178
22624 11918
21856 12346
15416 13684
5016 11800
3922 9696
4740 11460
3626 9724
4800 11564
3628 10742
3636 11028
2322 10036
1272 8894
218 7608
188 6716
566 7074
910 6980
578 7658
2060 8974
756 7800
982 7966
598 7672
1032 6904
1574 7074
1574 7372
2348 7356
1954 7326
2298 6326
2498 6040
2580 6872
2672 7826
2312 7784
2452 8082
4348 8758
3614 8458
4516 7968
4146 8140
3846 7894
3404 8348
2484 8048
2904 7700
2596 6900
2574 6456
3352 7616
2844 6804
3264 6858
2802 6696
2964 6512
3440 6600
3912 6604
2754 6426
3276 5792
4270 6502
4404 7210
3502 7462
4074 7312
3566 7600
4270 7378
4672 7384
5078 8000
5080 8650
5050 10608
5170 9894
5084 8620
6464 9032
6514 9626
6800 10960
6656 10110
6838 10164
7018 11150
6746 10992
6690 11068
6686 11238
5788 10684
5798 10752
6276 11036
5794 11076
8412 12064
13046 11442
8434 12042
7014 11426
8132 10636
7146 11178
7038 10904
6610 9230
7590 9844
8418 10282
7882 9926
8112 9962
9548 9964
9512 10434
9392 11518
8798 11628
9430 11570
9506 11666
9514 10706
9738 10236
10242 11102
9816 10064
10336 10708
9718 9828
9208 9762
11460 9616
7766 9842
7000 9292
6656 9190
6842 8950
6838 8782
8232 9610
7680 9268
6708 8692
7488 8050
7348 8058
6578 8784
6770 8886
6674 9034
5090 8518
5480 8268
5830 7848
6294 8098
6596 8166
6428 8464
6866 8170
6252 7834
6714 7750
5018 7864
4630 7116
5204 6864
7084 7554
8150 7460
6946 7490
5974 7086
7034 7422
5538 6912
7414 7110
7566 7304
7476 7102
7914 7062
7728 6356
7696 6446
7584 7046
7218 7080
7484 5516
7160 6376
7192 6898
5982 6900
7006 4546
6172 6406
6004 6070
6088 5118
6022 5854
5854 6070
5798 5228
6762 4562
5790 5178
5866 6402
5378 6762
4502 6852
4230 6302
4598 6430
4940 6748
6450 3950
5400 5882
4946 6520
4070 6154
3624 5832
3832 5766
4946 6276
4104 5798
4534 5148
4816 5146
5060 5116
4224 5132
4116 5610
3798 5754
2586 4872
3274 5656
2744 6262
2428 5948
2470 5476
2878 5436
2106 5420
2306 5586
2406 6144
2252 6112
1928 4824
4384 4448
2780 4672
3164 4534
2964 4420
3858 4066
4062 3748
4588 4576
4340 4112
4744 4550
4528 4284
4380 3990
5400 4412
4208 3722
4396 3040
6606 3962
3708 2634
3880 2242
3634 2708
2742 2476
4334 3072
4046 3700
3126 4218
2852 4526
1702 4502
1914 5818
1350 4328
3444 1428
2634 2466
1262 4390
1258 4690
1306 5360
1532 6164
2070 6108
1872 6504
1768 7052
1070 6870
586 6948
284 6690
956 6562
238 6528
476 5422
856 4030
416 5532
